6
pae        0.0000000 0.0010756 0.5057467 0.5060904 0.5065234 0.5066028 
pau        0.0010756 0.0000000 0.5061807 0.5065244 0.5070972 0.5071767 
ebw        0.5057467 0.5061807 0.0000000 0.0007976 0.0222030 0.0223407 
ecr        0.5060904 0.5065244 0.0007976 0.0000000 0.0219264 0.0220641 
stm        0.5065234 0.5070972 0.0222030 0.0219264 0.0000000 0.0001332 
seo        0.5066028 0.5071767 0.0223407 0.0220641 0.0001332 0.0000000 
