26
tvo        0.0000000 0.3002798 0.2923300 0.3124490 0.2790552 0.2565433 0.5025818 0.4875122 0.6661664 0.6207571 0.6386997 0.5995902 0.5798191 0.5668746 0.5867337 0.6182339 0.6364400 0.6135528 0.6213292 0.6405060 0.5818267 0.5818267 0.5858124 0.5858124 0.5871515 0.5795522 
mac        0.3002798 0.0000000 0.0117792 0.3131436 0.2493399 0.2032675 0.5721337 0.4883559 0.6571725 0.7065502 0.6236258 0.5689263 0.6480566 0.6114666 0.6176322 0.5951251 0.5724298 0.5461657 0.6607542 0.7169234 0.6384273 0.6384273 0.6454410 0.6454410 0.6352853 0.6349691 
mma        0.2923300 0.0117792 0.0000000 0.3021201 0.2386435 0.1965749 0.5434041 0.4833738 0.6507749 0.6642550 0.6022978 0.5568101 0.6503443 0.5966581 0.6062453 0.5726793 0.5755640 0.5373493 0.6373194 0.6784833 0.6058834 0.6058834 0.6107164 0.6107164 0.6013748 0.6010811 
sso        0.3124490 0.3131436 0.3021201 0.0000000 0.2217971 0.2196565 0.4001101 0.4166314 0.6389217 0.5838543 0.5086036 0.4931099 0.5081040 0.4943052 0.4963284 0.5408503 0.5363842 0.4996342 0.5824773 0.5726540 0.5315189 0.5315189 0.5436132 0.5436132 0.5463592 0.5391546 
mka        0.2790552 0.2493399 0.2386435 0.2217971 0.0000000 0.1215076 0.3606190 0.3401481 0.5833606 0.5391385 0.5009051 0.4541041 0.4668173 0.4478763 0.4530917 0.4565331 0.4576475 0.4115226 0.4919355 0.5375473 0.4621719 0.4621719 0.4805949 0.4805949 0.4845763 0.4838527 
pfu        0.2565433 0.2032675 0.1965749 0.2196565 0.1215076 0.0000000 0.3905951 0.3400548 0.6237282 0.5889210 0.5183190 0.5057610 0.4894585 0.4787147 0.4908758 0.5021162 0.4952389 0.4481268 0.5266580 0.5703275 0.4979752 0.4979752 0.5287287 0.5287287 0.5262656 0.5271787 
aae        0.5025818 0.5721337 0.5434041 0.4001101 0.3606190 0.3905951 0.0000000 0.1805337 0.3433840 0.3410487 0.3265609 0.2529879 0.3054966 0.2762672 0.2926433 0.2896185 0.2829049 0.2638601 0.3085913 0.3034867 0.2790890 0.2790890 0.2889317 0.2889317 0.2949991 0.2949117 
tma        0.4875122 0.4883559 0.4833738 0.4166314 0.3401481 0.3400548 0.1805337 0.0000000 0.2835112 0.2815318 0.2499430 0.2227507 0.2693856 0.2422242 0.2224238 0.2348690 0.2395072 0.2065572 0.2640995 0.2534709 0.2174132 0.2174132 0.2456520 0.2456520 0.2558339 0.2519083 
fnu        0.6661664 0.6571725 0.6507749 0.6389217 0.5833606 0.6237282 0.3433840 0.2835112 0.0000000 0.2771749 0.2674907 0.2480540 0.2717384 0.2488348 0.2379185 0.2217383 0.2483448 0.2288748 0.2535275 0.2558542 0.2280726 0.2280726 0.2553606 0.2553606 0.2652296 0.2650565 
cje        0.6207571 0.7065502 0.6642550 0.5838543 0.5391385 0.5889210 0.3410487 0.2815318 0.2771749 0.0000000 0.2499559 0.2410365 0.2829214 0.2230982 0.2306963 0.2258673 0.2701244 0.2465655 0.2222632 0.2360219 0.2012383 0.2012383 0.2016699 0.2016699 0.2081880 0.2050460 
dra        0.6386997 0.6236258 0.6022978 0.5086036 0.5009051 0.5183190 0.3265609 0.2499430 0.2674907 0.2499559 0.0000000 0.2285063 0.2435732 0.2212536 0.2305502 0.2154705 0.2455093 0.2119798 0.2873539 0.2481981 0.2190243 0.2190243 0.2340252 0.2340252 0.2383752 0.2344647 
cgl        0.5995902 0.5689263 0.5568101 0.4931099 0.4541041 0.5057610 0.2529879 0.2227507 0.2480540 0.2410365 0.2285063 0.0000000 0.2449614 0.2077883 0.1788766 0.1903168 0.2057815 0.1655966 0.2173267 0.2253466 0.2067783 0.2067783 0.2111082 0.2111082 0.2158287 0.2134131 
syn        0.5798191 0.6480566 0.6503443 0.5081040 0.4668173 0.4894585 0.3054966 0.2693856 0.2717384 0.2829214 0.2435732 0.2449614 0.0000000 0.0968934 0.2203620 0.2162977 0.2197431 0.2136169 0.2514434 0.2463199 0.2176528 0.2176528 0.2357415 0.2357415 0.2469178 0.2450398 
syc        0.5668746 0.6114666 0.5966581 0.4943052 0.4478763 0.4787147 0.2762672 0.2422242 0.2488348 0.2230982 0.2212536 0.2077883 0.0968934 0.0000000 0.1954863 0.1890654 0.2025330 0.1695696 0.2249570 0.1980349 0.2092741 0.2092741 0.2150206 0.2150206 0.2190337 0.2196383 
cdf        0.5867337 0.6176322 0.6062453 0.4963284 0.4530917 0.4908758 0.2926433 0.2224238 0.2379185 0.2306963 0.2305502 0.1788766 0.2203620 0.1954863 0.0000000 0.1222104 0.1708679 0.1371887 0.2043460 0.2137837 0.2023859 0.2023859 0.2126856 0.2126856 0.2240747 0.2199891 
sau        0.6182339 0.5951251 0.5726793 0.5408503 0.4565331 0.5021162 0.2896185 0.2348690 0.2217383 0.2258673 0.2154705 0.1903168 0.2162977 0.1890654 0.1222104 0.0000000 0.0776485 0.0510001 0.2031285 0.2220894 0.1834794 0.1834794 0.1946316 0.1946316 0.2027766 0.2007506 
bce        0.6364400 0.5724298 0.5755640 0.5363842 0.4576475 0.4952389 0.2829049 0.2395072 0.2483448 0.2701244 0.2455093 0.2057815 0.2197431 0.2025330 0.1708679 0.0776485 0.0000000 0.0650907 0.2256431 0.2265800 0.2014188 0.2014188 0.2156122 0.2156122 0.2186342 0.2192228 
bsu        0.6135528 0.5461657 0.5373493 0.4996342 0.4115226 0.4481268 0.2638601 0.2065572 0.2288748 0.2465655 0.2119798 0.1655966 0.2136169 0.1695696 0.1371887 0.0510001 0.0650907 0.0000000 0.1998515 0.2109637 0.1731868 0.1731868 0.1900308 0.1900308 0.2001182 0.1981035 
rrc        0.6213292 0.6607542 0.6373194 0.5824773 0.4919355 0.5266580 0.3085913 0.2640995 0.2535275 0.2222632 0.2873539 0.2173267 0.2514434 0.2249570 0.2043460 0.2031285 0.2256431 0.1998515 0.0000000 0.2001773 0.1744323 0.1744323 0.1964483 0.1964483 0.1993574 0.2024313 
nme        0.6405060 0.7169234 0.6784833 0.5726540 0.5375473 0.5703275 0.3034867 0.2534709 0.2558542 0.2360219 0.2481981 0.2253466 0.2463199 0.1980349 0.2137837 0.2220894 0.2265800 0.2109637 0.2001773 0.0000000 0.1320312 0.1320312 0.1474984 0.1474984 0.1519846 0.1498559 
pae        0.5818267 0.6384273 0.6058834 0.5315189 0.4621719 0.4979752 0.2790890 0.2174132 0.2280726 0.2012383 0.2190243 0.2067783 0.2176528 0.2092741 0.2023859 0.1834794 0.2014188 0.1731868 0.1744323 0.1320312 0.0000000 0.0000010 0.0966130 0.0966130 0.1006308 0.0981322 
pau        0.5818267 0.6384273 0.6058834 0.5315189 0.4621719 0.4979752 0.2790890 0.2174132 0.2280726 0.2012383 0.2190243 0.2067783 0.2176528 0.2092741 0.2023859 0.1834794 0.2014188 0.1731868 0.1744323 0.1320312 0.0000010 0.0000000 0.0966130 0.0966130 0.1006308 0.0981322 
stm        0.5858124 0.6454410 0.6107164 0.5436132 0.4805949 0.5287287 0.2889317 0.2456520 0.2553606 0.2016699 0.2340252 0.2111082 0.2357415 0.2150206 0.2126856 0.1946316 0.2156122 0.1900308 0.1964483 0.1474984 0.0966130 0.0966130 0.0000000 0.0000010 0.0119910 0.0101546 
seo        0.5858124 0.6454410 0.6107164 0.5436132 0.4805949 0.5287287 0.2889317 0.2456520 0.2553606 0.2016699 0.2340252 0.2111082 0.2357415 0.2150206 0.2126856 0.1946316 0.2156122 0.1900308 0.1964483 0.1474984 0.0966130 0.0966130 0.0000010 0.0000000 0.0119910 0.0101546 
ecr        0.5871515 0.6352853 0.6013748 0.5463592 0.4845763 0.5262656 0.2949991 0.2558339 0.2652296 0.2081880 0.2383752 0.2158287 0.2469178 0.2190337 0.2240747 0.2027766 0.2186342 0.2001182 0.1993574 0.1519846 0.1006308 0.1006308 0.0119910 0.0119910 0.0000000 0.0029539 
ebw        0.5795522 0.6349691 0.6010811 0.5391546 0.4838527 0.5271787 0.2949117 0.2519083 0.2650565 0.2050460 0.2344647 0.2134131 0.2450398 0.2196383 0.2199891 0.2007506 0.2192228 0.1981035 0.2024313 0.1498559 0.0981322 0.0981322 0.0101546 0.0101546 0.0029539 0.0000000 
