26
tvo        0.0000000 0.3017430 0.3085366 0.3238544 0.3007631 0.2354109 0.5074324 0.5024511 0.6726815 0.6547081 0.6456752 0.6177023 0.5477151 0.5838839 0.6084453 0.6322592 0.6629948 0.6323779 0.6335105 0.6671918 0.6028342 0.6028342 0.6126461 0.6126461 0.6151304 0.6063748 
mac        0.3017430 0.0000000 0.0300144 0.3217744 0.2575920 0.2387301 0.5419927 0.4732428 0.6193457 0.6043604 0.6778097 0.5629481 0.5989073 0.6190594 0.6024873 0.5944278 0.5587659 0.5602245 0.6451056 0.7165965 0.6299603 0.6299603 0.6362410 0.6362410 0.6258384 0.6264311 
mma        0.3085366 0.0300144 0.0000000 0.3212823 0.2489066 0.2428192 0.5477670 0.4902797 0.6401689 0.6168812 0.6747409 0.5615984 0.6000882 0.6243793 0.6061733 0.5853800 0.5863876 0.5605890 0.6476420 0.7092145 0.6350492 0.6350492 0.6348693 0.6348693 0.6225302 0.6254047 
sso        0.3238544 0.3217744 0.3212823 0.0000000 0.2287062 0.2057166 0.3951247 0.4124072 0.6303718 0.5081470 0.5698928 0.4853662 0.4624465 0.4835753 0.4904353 0.5309113 0.5216417 0.4956169 0.5818075 0.5729749 0.5379381 0.5379381 0.5596038 0.5596038 0.5597327 0.5551167 
mka        0.3007631 0.2575920 0.2489066 0.2287062 0.0000000 0.1352403 0.3829360 0.3589985 0.6072817 0.5337380 0.5604287 0.4726563 0.4349413 0.4706275 0.4794259 0.4847890 0.4819572 0.4443347 0.5127281 0.5759615 0.4984475 0.4984475 0.5223097 0.5223097 0.5237645 0.5257650 
pfu        0.2354109 0.2387301 0.2428192 0.2057166 0.1352403 0.0000000 0.3887237 0.3441912 0.6141737 0.5234255 0.5818953 0.5091273 0.4496933 0.4864339 0.5080331 0.5222700 0.5016548 0.4700506 0.5350686 0.5707172 0.5036574 0.5036574 0.5465063 0.5465063 0.5474367 0.5450794 
aae        0.5074324 0.5419927 0.5477670 0.3951247 0.3829360 0.3887237 0.0000000 0.1959644 0.3475540 0.3394978 0.3543590 0.2642188 0.2542238 0.2836736 0.3047948 0.2928945 0.2922538 0.2684427 0.3147389 0.3201364 0.2965135 0.2965135 0.3104706 0.3104706 0.3182084 0.3164759 
tma        0.5024511 0.4732428 0.4902797 0.4124072 0.3589985 0.3441912 0.1959644 0.0000000 0.2906520 0.2561585 0.2962706 0.2311060 0.2314198 0.2550318 0.2316606 0.2447681 0.2510908 0.2196444 0.2772845 0.2700919 0.2337386 0.2337386 0.2668411 0.2668411 0.2758245 0.2732561 
fnu        0.6726815 0.6193457 0.6401689 0.6303718 0.6072817 0.6141737 0.3475540 0.2906520 0.0000000 0.2835225 0.2820967 0.2530454 0.2800304 0.2582151 0.2453256 0.2271259 0.2529524 0.2311419 0.2569990 0.2653451 0.2305744 0.2305744 0.2640119 0.2640119 0.2734879 0.2734855 
dra        0.6547081 0.6043604 0.6168812 0.5081470 0.5337380 0.5234255 0.3394978 0.2561585 0.2835225 0.0000000 0.2615701 0.2362768 0.2324810 0.2343229 0.2403980 0.2221497 0.2510047 0.2206997 0.3020642 0.2668924 0.2345531 0.2345531 0.2496850 0.2496850 0.2526908 0.2501188 
cje        0.6456752 0.6778097 0.6747409 0.5698928 0.5604287 0.5818953 0.3543590 0.2962706 0.2820967 0.2615701 0.0000000 0.2504369 0.2515613 0.2346999 0.2357054 0.2272785 0.2756534 0.2531515 0.2266584 0.2503636 0.2132835 0.2132835 0.2189164 0.2189164 0.2243311 0.2224373 
cgl        0.6177023 0.5629481 0.5615984 0.4853662 0.4726563 0.5091273 0.2642188 0.2311060 0.2530454 0.2362768 0.2504369 0.0000000 0.2096985 0.2191021 0.1875423 0.1946930 0.2113013 0.1750049 0.2212509 0.2393714 0.2206485 0.2206485 0.2246791 0.2246791 0.2294493 0.2270566 
tel        0.5477151 0.5989073 0.6000882 0.4624465 0.4349413 0.4496933 0.2542238 0.2314198 0.2800304 0.2324810 0.2515613 0.2096985 0.0000000 0.0766746 0.2023095 0.1948761 0.2010137 0.1843614 0.2165481 0.2075528 0.2033303 0.2033303 0.2246763 0.2246763 0.2277979 0.2284796 
syc        0.5838839 0.6190594 0.6243793 0.4835753 0.4706275 0.4864339 0.2836736 0.2550318 0.2582151 0.2343229 0.2346999 0.2191021 0.0766746 0.0000000 0.2014451 0.1964404 0.2083246 0.1747981 0.2351259 0.2121330 0.2241965 0.2241965 0.2326134 0.2326134 0.2365512 0.2373267 
cdf        0.6084453 0.6024873 0.6061733 0.4904353 0.4794259 0.5080331 0.3047948 0.2316606 0.2453256 0.2403980 0.2357054 0.1875423 0.2023095 0.2014451 0.0000000 0.1261200 0.1758222 0.1424396 0.2110139 0.2271654 0.2162975 0.2162975 0.2276819 0.2276819 0.2377634 0.2350466 
sau        0.6322592 0.5944278 0.5853800 0.5309113 0.4847890 0.5222700 0.2928945 0.2447681 0.2271259 0.2221497 0.2272785 0.1946930 0.1948761 0.1964404 0.1261200 0.0000000 0.0836094 0.0500138 0.2073614 0.2305494 0.1945499 0.1945499 0.2073176 0.2073176 0.2141245 0.2133898 
bce        0.6629948 0.5587659 0.5863876 0.5216417 0.4819572 0.5016548 0.2922538 0.2510908 0.2529524 0.2510047 0.2756534 0.2113013 0.2010137 0.2083246 0.1758222 0.0836094 0.0000000 0.0689739 0.2268513 0.2329911 0.2102555 0.2102555 0.2244885 0.2244885 0.2288329 0.2280190 
bsu        0.6323779 0.5602245 0.5605890 0.4956169 0.4443347 0.4700506 0.2684427 0.2196444 0.2311419 0.2206997 0.2531515 0.1750049 0.1843614 0.1747981 0.1424396 0.0500138 0.0689739 0.0000000 0.2031373 0.2177975 0.1838496 0.1838496 0.2022633 0.2022633 0.2110282 0.2102944 
rrc        0.6335105 0.6451056 0.6476420 0.5818075 0.5127281 0.5350686 0.3147389 0.2772845 0.2569990 0.3020642 0.2266584 0.2212509 0.2165481 0.2351259 0.2110139 0.2073614 0.2268513 0.2031373 0.0000000 0.2050636 0.1794267 0.1794267 0.1980155 0.1980155 0.2020125 0.2038098 
nme        0.6671918 0.7165965 0.7092145 0.5729749 0.5759615 0.5707172 0.3201364 0.2700919 0.2653451 0.2668924 0.2503636 0.2393714 0.2075528 0.2121330 0.2271654 0.2305494 0.2329911 0.2177975 0.2050636 0.0000000 0.1380756 0.1380756 0.1547401 0.1547401 0.1590467 0.1569819 
pae        0.6028342 0.6299603 0.6350492 0.5379381 0.4984475 0.5036574 0.2965135 0.2337386 0.2305744 0.2345531 0.2132835 0.2206485 0.2033303 0.2241965 0.2162975 0.1945499 0.2102555 0.1838496 0.1794267 0.1380756 0.0000000 0.0000010 0.1032535 0.1032535 0.1063594 0.1047540 
pau        0.6028342 0.6299603 0.6350492 0.5379381 0.4984475 0.5036574 0.2965135 0.2337386 0.2305744 0.2345531 0.2132835 0.2206485 0.2033303 0.2241965 0.2162975 0.1945499 0.2102555 0.1838496 0.1794267 0.1380756 0.0000010 0.0000000 0.1032535 0.1032535 0.1063594 0.1047540 
stm        0.6126461 0.6362410 0.6348693 0.5596038 0.5223097 0.5465063 0.3104706 0.2668411 0.2640119 0.2496850 0.2189164 0.2246791 0.2246763 0.2326134 0.2276819 0.2073176 0.2244885 0.2022633 0.1980155 0.1547401 0.1032535 0.1032535 0.0000000 0.0000010 0.0110253 0.0098445 
seo        0.6126461 0.6362410 0.6348693 0.5596038 0.5223097 0.5465063 0.3104706 0.2668411 0.2640119 0.2496850 0.2189164 0.2246791 0.2246763 0.2326134 0.2276819 0.2073176 0.2244885 0.2022633 0.1980155 0.1547401 0.1032535 0.1032535 0.0000010 0.0000000 0.0110253 0.0098445 
ecr        0.6151304 0.6258384 0.6225302 0.5597327 0.5237645 0.5474367 0.3182084 0.2758245 0.2734879 0.2526908 0.2243311 0.2294493 0.2277979 0.2365512 0.2377634 0.2141245 0.2288329 0.2110282 0.2020125 0.1590467 0.1063594 0.1063594 0.0110253 0.0110253 0.0000000 0.0022884 
ebw        0.6063748 0.6264311 0.6254047 0.5551167 0.5257650 0.5450794 0.3164759 0.2732561 0.2734855 0.2501188 0.2224373 0.2270566 0.2284796 0.2373267 0.2350466 0.2133898 0.2280190 0.2102944 0.2038098 0.1569819 0.1047540 0.1047540 0.0098445 0.0098445 0.0022884 0.0000000 
