10
cdf        0.0000000 0.2726896 0.2172796 0.3600994 0.3920688 0.3924896 0.4192346 0.4218994 0.4502596 0.4355370 
bce        0.2726896 0.0000000 0.1069916 0.3924210 0.3816177 0.3820619 0.4199813 0.4228943 0.4271394 0.4227588 
sau        0.2172796 0.1069916 0.0000000 0.3508838 0.3740983 0.3744892 0.3861441 0.3885567 0.3955989 0.3922261 
rrc        0.3600994 0.3924210 0.3508838 0.0000000 0.3137489 0.3140555 0.3666289 0.3641940 0.3751834 0.3767398 
pae        0.3920688 0.3816177 0.3740983 0.3137489 0.0000000 0.0000010 0.1820841 0.1823979 0.1873041 0.1764517 
pau        0.3924896 0.3820619 0.3744892 0.3140555 0.0000010 0.0000000 0.1822318 0.1823979 0.1874565 0.1765923 
stm        0.4192346 0.4199813 0.3861441 0.3666289 0.1820841 0.1822318 0.0000000 0.0013491 0.0275902 0.0238721 
seo        0.4218994 0.4228943 0.3885567 0.3641940 0.1823979 0.1823979 0.0013491 0.0000000 0.0261614 0.0224559 
ecr        0.4502596 0.4271394 0.3955989 0.3751834 0.1873041 0.1874565 0.0275902 0.0261614 0.0000000 0.0088909 
ebw        0.4355370 0.4227588 0.3922261 0.3767398 0.1764517 0.1765923 0.0238721 0.0224559 0.0088909 0.0000000 
