6
pae        0.0000000 0.0000010 0.2310812 0.2313418 0.2349790 0.2199423 
pau        0.0000010 0.0000000 0.2310812 0.2313418 0.2349790 0.2199423 
stm        0.2310812 0.2310812 0.0000000 0.0013199 0.0303331 0.0265830 
seo        0.2313418 0.2313418 0.0013199 0.0000000 0.0288768 0.0251446 
ecr        0.2349790 0.2349790 0.0303331 0.0288768 0.0000000 0.0087397 
ebw        0.2199423 0.2199423 0.0265830 0.0251446 0.0087397 0.0000000 
