10
rrc        0.0000000 1.0159283 1.0158672 1.0181096 1.0179487 0.9894872 0.9911444 1.1359819 1.0510618 1.0588063 
ebw        1.0159283 0.0000000 0.0006482 0.0186096 0.0187425 0.3753040 0.3756223 0.9473788 0.9057662 0.9339648 
ecr        1.0158672 0.0006482 0.0000000 0.0182099 0.0183428 0.3756505 0.3759689 0.9474445 0.9056814 0.9346554 
stm        1.0181096 0.0186096 0.0182099 0.0000000 0.0001295 0.3773910 0.3778506 0.9536114 0.9096109 0.9367445 
seo        1.0179487 0.0187425 0.0183428 0.0001295 0.0000000 0.3774316 0.3778912 0.9534613 0.9092796 0.9364074 
pae        0.9894872 0.3753040 0.3756505 0.3773910 0.3774316 0.0000000 0.0009137 0.9578774 0.8977047 0.9480667 
pau        0.9911444 0.3756223 0.3759689 0.3778506 0.3778912 0.0009137 0.0000000 0.9581138 0.8971007 0.9487704 
cdf        1.1359819 0.9473788 0.9474445 0.9536114 0.9534613 0.9578774 0.9581138 0.0000000 0.6501404 0.7277259 
bce        1.0510618 0.9057662 0.9056814 0.9096109 0.9092796 0.8977047 0.8971007 0.6501404 0.0000000 0.3323689 
sau        1.0588063 0.9339648 0.9346554 0.9367445 0.9364074 0.9480667 0.9487704 0.7277259 0.3323689 0.0000000 
