27
rpr        0.0000000 0.0508956 0.7433878 0.7508477 0.7511029 0.7763660 0.7759388 0.7742456 0.7739557 0.8299233 0.8291975 0.8005798 1.0230788 0.8538969 0.8376116 0.8070076 0.7935343 0.8099339 0.9556794 0.8531093 0.8537064 2.1536985 2.1707396 1.8884681 1.8743589 2.0755441 1.9682039 
rrc        0.0508956 0.0000000 0.7358046 0.7435957 0.7438497 0.7720571 0.7716316 0.7700562 0.7697688 0.8253037 0.8109855 0.7809687 1.0057128 0.8393102 0.8236628 0.7849011 0.7762724 0.7906681 0.9417553 0.8325532 0.8364044 2.1635732 2.1528443 1.8735075 1.8596948 2.0562424 1.9532996 
nme        0.7433878 0.7358046 0.0000000 0.3220585 0.3221978 0.3626191 0.3629863 0.3631797 0.3627973 0.7526007 0.7488336 0.7246726 0.8849872 0.6632540 0.6872499 0.6791906 0.6359992 0.6424285 0.7500771 0.6415349 0.6311076 2.0767616 2.0045239 1.7840289 1.7991063 2.0033196 1.8181103 
pae        0.7508477 0.7435957 0.3220585 0.0000000 0.0002268 0.2799425 0.2798966 0.2818351 0.2819048 0.7772298 0.7081189 0.7182405 0.8132570 0.6582371 0.6610917 0.6580039 0.5999735 0.6047533 0.7376034 0.6345833 0.6208705 2.0450198 1.9184233 1.7370554 1.7356911 1.9970310 1.7967061 
pau        0.7511029 0.7438497 0.3221978 0.0002268 0.0000000 0.2800649 0.2800190 0.2819579 0.2820276 0.7774918 0.7083670 0.7185184 0.8134514 0.6584721 0.6613300 0.6582396 0.6001962 0.6040981 0.7378595 0.6348176 0.6211012 2.0445921 1.9189143 1.7370554 1.7356911 1.9970310 1.7971681 
ebw        0.7763660 0.7720571 0.3626191 0.2799425 0.2800649 0.0000000 0.0002252 0.0105465 0.0107770 0.7703309 0.7116808 0.7319453 0.8340282 0.6560766 0.6558078 0.6389878 0.6038541 0.6141093 0.7348912 0.6566663 0.6382486 2.0183137 1.9109346 1.7438615 1.7278347 1.9681534 1.7946053 
ecr        0.7759388 0.7716316 0.3629863 0.2798966 0.2800190 0.0002252 0.0000000 0.0103150 0.0105455 0.7697177 0.7120646 0.7314701 0.8338784 0.6555307 0.6556915 0.6394627 0.6033347 0.6145725 0.7347602 0.6564481 0.6377088 2.0165545 1.9117910 1.7438615 1.7278347 1.9681534 1.7931175 
stm        0.7742456 0.7700562 0.3631797 0.2818351 0.2819579 0.0105465 0.0103150 0.0000000 0.0002249 0.7686004 0.7113552 0.7303417 0.8272206 0.6522431 0.6557765 0.6369549 0.6019463 0.6143314 0.7326032 0.6529059 0.6358734 2.0143462 1.9041379 1.7362746 1.7197775 1.9701293 1.7817417 
seo        0.7739557 0.7697688 0.3627973 0.2819048 0.2820276 0.0107770 0.0105455 0.0002249 0.0000000 0.7683124 0.7115606 0.7296526 0.8279386 0.6520150 0.6555448 0.6364244 0.6014355 0.6138134 0.7323309 0.6523382 0.6364350 2.0153827 1.9059878 1.7354249 1.7189394 1.9680684 1.7800733 
cje        0.8299233 0.8253037 0.7526007 0.7772298 0.7774918 0.7703309 0.7697177 0.7686004 0.7683124 0.0000000 0.7990024 0.7749395 0.9790411 0.7809614 0.7770563 0.7809226 0.7643740 0.7664030 0.8800239 0.8162101 0.8069307 2.2003049 2.0778359 1.9415145 1.9256472 2.0909964 1.9829491 
tma        0.8291975 0.8109855 0.7488336 0.7081189 0.7083670 0.7116808 0.7120646 0.7113552 0.7115606 0.7990024 0.0000000 0.6128454 0.8217000 0.6268980 0.6361753 0.6291391 0.5806128 0.6179011 0.7438771 0.6588395 0.6735163 1.8725623 1.7942273 1.6793269 1.6606201 1.7810775 1.6396588 
aae        0.8005798 0.7809687 0.7246726 0.7182405 0.7185184 0.7319453 0.7314701 0.7303417 0.7296526 0.7749395 0.6128454 0.0000000 0.9161819 0.7294646 0.7138568 0.6764092 0.6052692 0.6337748 0.8653304 0.7364164 0.7544950 1.8936857 1.8036227 1.6058796 1.6076913 1.8072103 1.6657545 
cgl        1.0230788 1.0057128 0.8849872 0.8132570 0.8134514 0.8340282 0.8338784 0.8272206 0.8279386 0.9790411 0.8217000 0.9161819 0.0000000 0.8291165 0.7971549 0.6790954 0.6373272 0.6594021 0.8549160 0.8362644 0.8257618 2.1651249 2.0469111 1.9070814 1.9053872 2.1590414 1.8505273 
fnu        0.8538969 0.8393102 0.6632540 0.6582371 0.6584721 0.6560766 0.6555307 0.6522431 0.6520150 0.7809614 0.6268980 0.7294646 0.8291165 0.0000000 0.5723865 0.6448842 0.5801139 0.5999386 0.7595587 0.6446310 0.6374881 2.0003881 1.9678705 1.7737838 1.7606009 1.9332420 1.7279740 
cdf        0.8376116 0.8236628 0.6872499 0.6610917 0.6613300 0.6558078 0.6556915 0.6557765 0.6555448 0.7770563 0.6361753 0.7138568 0.7971549 0.5723865 0.0000000 0.5030060 0.4432418 0.4525501 0.7106848 0.6141680 0.6155600 1.9134703 1.8993116 1.6770683 1.6679146 1.9228455 1.6876503 
sau        0.8070076 0.7849011 0.6791906 0.6580039 0.6582396 0.6389878 0.6394627 0.6369549 0.6364244 0.7809226 0.6291391 0.6764092 0.6790954 0.6448842 0.5030060 0.0000000 0.2163475 0.2288869 0.7060850 0.6412988 0.6368794 1.9051210 1.8510725 1.6944010 1.6853436 1.8844226 1.7124858 
bsu        0.7935343 0.7762724 0.6359992 0.5999735 0.6001962 0.6038541 0.6033347 0.6019463 0.6014355 0.7643740 0.5806128 0.6052692 0.6373272 0.5801139 0.4432418 0.2163475 0.0000000 0.1228767 0.6756880 0.5945269 0.5864829 1.8530843 1.8038073 1.6186356 1.6173274 1.8411869 1.6582564 
bce        0.8099339 0.7906681 0.6424285 0.6047533 0.6040981 0.6141093 0.6145725 0.6143314 0.6138134 0.7664030 0.6179011 0.6337748 0.6594021 0.5999386 0.4525501 0.2288869 0.1228767 0.0000000 0.7021978 0.6011097 0.5959216 1.8825132 1.8139906 1.6250128 1.6210688 1.8413200 1.6761626 
dra        0.9556794 0.9417553 0.7500771 0.7376034 0.7378595 0.7348912 0.7347602 0.7326032 0.7323309 0.8800239 0.7438771 0.8653304 0.8549160 0.7595587 0.7106848 0.7060850 0.6756880 0.7021978 0.0000000 0.7428100 0.7028186 2.0118595 1.9562397 1.8431499 1.8333304 1.9868469 1.7283717 
syn        0.8531093 0.8325532 0.6415349 0.6345833 0.6348176 0.6566663 0.6564481 0.6529059 0.6523382 0.8162101 0.6588395 0.7364164 0.8362644 0.6446310 0.6141680 0.6412988 0.5945269 0.6011097 0.7428100 0.0000000 0.2148870 1.9846829 1.9119721 1.7839602 1.7758351 2.0021578 1.7647173 
syc        0.8537064 0.8364044 0.6311076 0.6208705 0.6211012 0.6382486 0.6377088 0.6358734 0.6364350 0.8069307 0.6735163 0.7544950 0.8257618 0.6374881 0.6155600 0.6368794 0.5864829 0.5959216 0.7028186 0.2148870 0.0000000 1.9934784 1.9511546 1.7924703 1.7761876 1.9743001 1.7741571 
sso        2.1536985 2.1635732 2.0767616 2.0450198 2.0445921 2.0183137 2.0165545 2.0143462 2.0153827 2.2003049 1.8725623 1.8936857 2.1651249 2.0003881 1.9134703 1.9051210 1.8530843 1.8825132 2.0118595 1.9846829 1.9934784 0.0000000 1.0039865 1.0244616 1.0175306 1.1359555 0.8075390 
mka        2.1707396 2.1528443 2.0045239 1.9184233 1.9189143 1.9109346 1.9117910 1.9041379 1.9059878 2.0778359 1.7942273 1.8036227 2.0469111 1.9678705 1.8993116 1.8510725 1.8038073 1.8139906 1.9562397 1.9119721 1.9511546 1.0039865 0.0000000 0.8483179 0.8431119 1.0757547 0.7218867 
mac        1.8884681 1.8735075 1.7840289 1.7370554 1.7370554 1.7438615 1.7438615 1.7362746 1.7354249 1.9415145 1.6793269 1.6058796 1.9070814 1.7737838 1.6770683 1.6944010 1.6186356 1.6250128 1.8431499 1.7839602 1.7924703 1.0244616 0.8483179 0.0000000 0.0368500 0.9752017 0.7596094 
mma        1.8743589 1.8596948 1.7991063 1.7356911 1.7356911 1.7278347 1.7278347 1.7197775 1.7189394 1.9256472 1.6606201 1.6076913 1.9053872 1.7606009 1.6679146 1.6853436 1.6173274 1.6210688 1.8333304 1.7758351 1.7761876 1.0175306 0.8431119 0.0368500 0.0000000 0.9788807 0.7590224 
tvo        2.0755441 2.0562424 2.0033196 1.9970310 1.9970310 1.9681534 1.9681534 1.9701293 1.9680684 2.0909964 1.7810775 1.8072103 2.1590414 1.9332420 1.9228455 1.8844226 1.8411869 1.8413200 1.9868469 2.0021578 1.9743001 1.1359555 1.0757547 0.9752017 0.9788807 0.0000000 0.9223762 
pfu        1.9682039 1.9532996 1.8181103 1.7967061 1.7971681 1.7946053 1.7931175 1.7817417 1.7800733 1.9829491 1.6396588 1.6657545 1.8505273 1.7279740 1.6876503 1.7124858 1.6582564 1.6761626 1.7283717 1.7647173 1.7741571 0.8075390 0.7218867 0.7596094 0.7590224 0.9223762 0.0000000 
