27
syc        0.0000000 0.1754064 0.8221318 0.8090893 0.6957472 0.6100659 0.6003991 0.6006258 0.6150565 0.6145376 0.6132178 0.6137566 0.7760950 0.6413307 0.7330742 0.7893082 0.6179487 0.6038707 0.6175303 0.5701645 0.5812883 1.9229927 1.8900439 1.7346696 1.7240075 1.8975131 1.7219817 
tel        0.1754064 0.0000000 0.8218168 0.8086725 0.7003118 0.6018294 0.6133049 0.6135340 0.6068153 0.6066039 0.6110840 0.6105525 0.7889588 0.6318530 0.7149341 0.7830013 0.6206047 0.5882941 0.6184755 0.5704303 0.5812928 1.9129085 1.9041400 1.6825198 1.6758668 1.8870778 1.7081479 
rpr        0.8221318 0.8218168 0.0000000 0.0469551 0.9157483 0.7142036 0.7211185 0.7213696 0.7467842 0.7463662 0.7458686 0.7455893 0.8026963 0.7888111 0.7739709 0.9703603 0.8145132 0.8048590 0.7677772 0.7578604 0.7793635 2.0641390 2.0781086 1.7939985 1.7848100 1.9738112 1.8893482 
rrc        0.8090893 0.8086725 0.0469551 0.0000000 0.9067656 0.7114028 0.7164361 0.7166865 0.7459614 0.7455445 0.7451401 0.7448616 0.8017490 0.7740997 0.7608273 0.9579625 0.8016256 0.7919836 0.7511042 0.7461660 0.7634629 2.0651385 2.0555269 1.7833976 1.7744002 1.9559765 1.8766665 
dra        0.6957472 0.7003118 0.9157483 0.9067656 0.0000000 0.7268562 0.7087867 0.7090390 0.7130064 0.7128782 0.7124774 0.7122118 0.8505568 0.7055175 0.8416848 0.8105938 0.7361512 0.6936694 0.6880559 0.6619160 0.6860762 1.9398230 1.8925337 1.7763879 1.7729791 1.9041638 1.6718062 
nme        0.6100659 0.6018294 0.7142036 0.7114028 0.7268562 0.0000000 0.3136597 0.3137952 0.3547322 0.3550888 0.3545479 0.3541739 0.7228924 0.7065531 0.7047567 0.8453295 0.6354559 0.6588392 0.6582110 0.6143404 0.6230121 1.9945655 1.9332371 1.7009907 1.7194814 1.9029686 1.7506705 
pae        0.6003991 0.6133049 0.7211185 0.7164361 0.7087867 0.3136597 0.0000000 0.0002207 0.2749072 0.2748623 0.2772808 0.2773490 0.7489353 0.6687798 0.6960065 0.7742170 0.6295682 0.6330890 0.6334995 0.5738890 0.5816072 1.9479254 1.8480207 1.6486424 1.6458856 1.8835539 1.7272996 
pau        0.6006258 0.6135340 0.7213696 0.7166865 0.7090390 0.3137952 0.0002207 0.0000000 0.2750272 0.2749822 0.2774014 0.2774696 0.7491939 0.6690208 0.6962804 0.7744012 0.6297980 0.6333223 0.6337309 0.5741058 0.5809765 1.9475164 1.8484966 1.6486424 1.6458856 1.8835539 1.7277497 
ebw        0.6150565 0.6068153 0.7467842 0.7459614 0.7130064 0.3547322 0.2749072 0.2750272 0.0000000 0.0002193 0.0106853 0.0109091 0.7390004 0.6705354 0.7103892 0.7921694 0.6328163 0.6296362 0.6188958 0.5806604 0.5913287 1.9535025 1.8447691 1.6700289 1.6568393 1.8765572 1.7363872 
ecr        0.6145376 0.6066039 0.7463662 0.7455445 0.7128782 0.3550888 0.2748623 0.2749822 0.0002193 0.0000000 0.0104605 0.0106842 0.7384136 0.6709052 0.7099266 0.7920255 0.6322911 0.6295240 0.6193539 0.5801605 0.5917748 1.9518373 1.8456122 1.6700289 1.6568393 1.8765572 1.7349779 
stm        0.6132178 0.6110840 0.7458686 0.7451401 0.7124774 0.3545479 0.2772808 0.2774014 0.0106853 0.0104605 0.0000000 0.0002191 0.7378710 0.6719022 0.7095451 0.7854225 0.6296266 0.6310375 0.6183748 0.5802297 0.5929354 1.9521394 1.8383465 1.6647493 1.6510744 1.8778204 1.7247897 
seo        0.6137566 0.6105525 0.7455893 0.7448616 0.7122118 0.3541739 0.2773490 0.2774696 0.0109091 0.0106842 0.0002191 0.0000000 0.7375943 0.6720949 0.7088825 0.7861007 0.6294072 0.6308157 0.6178536 0.5797305 0.5924280 1.9531666 1.8401133 1.6639158 1.6502507 1.8758852 1.7231900 
cje        0.7760950 0.7889588 0.8026963 0.8017490 0.8505568 0.7228924 0.7489353 0.7491939 0.7390004 0.7384136 0.7378710 0.7375943 0.0000000 0.7645386 0.7485072 0.9299513 0.7509905 0.7522967 0.7646123 0.7465363 0.7469604 2.0959720 1.9984885 1.8434513 1.8342789 1.9732357 1.9053378 
tma        0.6413307 0.6318530 0.7888111 0.7740997 0.7055175 0.7065531 0.6687798 0.6690208 0.6705354 0.6709052 0.6719022 0.6720949 0.7645386 0.0000000 0.5807465 0.7731009 0.5960864 0.6062333 0.6038360 0.5535230 0.5862348 1.8009111 1.7399676 1.6250369 1.6135036 1.7187024 1.5806673 
aae        0.7330742 0.7149341 0.7739709 0.7608273 0.8416848 0.7047567 0.6960065 0.6962804 0.7103892 0.7099266 0.7095451 0.7088825 0.7485072 0.5807465 0.0000000 0.8753682 0.7037071 0.6909010 0.6608110 0.5872307 0.6138651 1.8076376 1.7350488 1.5273417 1.5348655 1.7222399 1.6040130 
cgl        0.7893082 0.7830013 0.9703603 0.9579625 0.8105938 0.8453295 0.7742170 0.7744012 0.7921694 0.7920255 0.7854225 0.7861007 0.9299513 0.7731009 0.8753682 0.0000000 0.7891713 0.7552281 0.6414073 0.6034126 0.6222180 2.0644657 1.9686609 1.8260469 1.8272387 2.0448106 1.7706791 
fnu        0.6179487 0.6206047 0.8145132 0.8016256 0.7361512 0.6354559 0.6295682 0.6297980 0.6328163 0.6322911 0.6296266 0.6294072 0.7509905 0.5960864 0.7037071 0.7891713 0.0000000 0.5506141 0.6209579 0.5566223 0.5779249 1.9114157 1.9032407 1.6998244 1.6904532 1.8432578 1.6662882 
cdf        0.6038707 0.5882941 0.8048590 0.7919836 0.6936694 0.6588392 0.6330890 0.6333223 0.6296362 0.6295240 0.6310375 0.6308157 0.7522967 0.6062333 0.6909010 0.7552281 0.5506141 0.0000000 0.4890035 0.4286030 0.4408872 1.8423475 1.8379918 1.6106333 1.6079781 1.8353410 1.6379607 
sau        0.6175303 0.6184755 0.7677772 0.7511042 0.6880559 0.6582110 0.6334995 0.6337309 0.6188958 0.6193539 0.6183748 0.6178536 0.7646123 0.6038360 0.6608110 0.6414073 0.6209579 0.4890035 0.0000000 0.2110287 0.2220456 1.8376247 1.7931140 1.6333051 1.6259691 1.8119203 1.6533169 
bsu        0.5701645 0.5704303 0.7578604 0.7461660 0.6619160 0.6143404 0.5738890 0.5741058 0.5806604 0.5801605 0.5802297 0.5797305 0.7465363 0.5535230 0.5872307 0.6034126 0.5566223 0.4286030 0.2110287 0.0000000 0.1185947 1.7776235 1.7339970 1.5471539 1.5487501 1.7543904 1.5925195 
bce        0.5812883 0.5812928 0.7793635 0.7634629 0.6860762 0.6230121 0.5816072 0.5809765 0.5913287 0.5917748 0.5929354 0.5924280 0.7469604 0.5862348 0.6138651 0.6222180 0.5779249 0.4408872 0.2220456 0.1185947 0.0000000 1.8061082 1.7475387 1.5490804 1.5466228 1.7540567 1.6056265 
sso        1.9229927 1.9129085 2.0641390 2.0651385 1.9398230 1.9945655 1.9479254 1.9475164 1.9535025 1.9518373 1.9521394 1.9531666 2.0959720 1.8009111 1.8076376 2.0644657 1.9114157 1.8423475 1.8376247 1.7776235 1.8061082 0.0000000 0.9642624 0.9872264 0.9811175 1.0718521 0.7653347 
mka        1.8900439 1.9041400 2.0781086 2.0555269 1.8925337 1.9332371 1.8480207 1.8484966 1.8447691 1.8456122 1.8383465 1.8401133 1.9984885 1.7399676 1.7350488 1.9686609 1.9032407 1.8379918 1.7931140 1.7339970 1.7475387 0.9642624 0.0000000 0.8043473 0.8000314 1.0127165 0.6983510 
mac        1.7346696 1.6825198 1.7939985 1.7833976 1.7763879 1.7009907 1.6486424 1.6486424 1.6700289 1.6700289 1.6647493 1.6639158 1.8434513 1.6250369 1.5273417 1.8260469 1.6998244 1.6106333 1.6333051 1.5471539 1.5490804 0.9872264 0.8043473 0.0000000 0.0351695 0.9261744 0.7241871 
mma        1.7240075 1.6758668 1.7848100 1.7744002 1.7729791 1.7194814 1.6458856 1.6458856 1.6568393 1.6568393 1.6510744 1.6502507 1.8342789 1.6135036 1.5348655 1.8272387 1.6904532 1.6079781 1.6259691 1.5487501 1.5466228 0.9811175 0.8000314 0.0351695 0.0000000 0.9288504 0.7228583 
tvo        1.8975131 1.8870778 1.9738112 1.9559765 1.9041638 1.9029686 1.8835539 1.8835539 1.8765572 1.8765572 1.8778204 1.8758852 1.9732357 1.7187024 1.7222399 2.0448106 1.8432578 1.8353410 1.8119203 1.7543904 1.7540567 1.0718521 1.0127165 0.9261744 0.9288504 0.0000000 0.8586648 
pfu        1.7219817 1.7081479 1.8893482 1.8766665 1.6718062 1.7506705 1.7272996 1.7277497 1.7363872 1.7349779 1.7247897 1.7231900 1.9053378 1.5806673 1.6040130 1.7706791 1.6662882 1.6379607 1.6533169 1.5925195 1.6056265 0.7653347 0.6983510 0.7241871 0.7228583 0.8586648 0.0000000 
