6
ecu        0.0000000 1.3954571 1.4755092 1.4555029 1.4270487 1.2637284 
sce        1.3954571 0.0000000 0.3337595 0.6356751 0.7908668 0.6597281 
cal        1.4755092 0.3337595 0.0000000 0.6879992 0.8423892 0.7063311 
spo        1.4555029 0.6356751 0.6879992 0.0000000 0.6189594 0.6136406 
cne        1.4270487 0.7908668 0.8423892 0.6189594 0.0000000 0.1007658 
cgi        1.2637284 0.6597281 0.7063311 0.6136406 0.1007658 0.0000000 
